Cyl 00 Hd 0 256  ..CC.....C...... 1  2  3  4  5  6  7  8  9  10 11 12 13 14 15 16
Cyl 00 Hd 1 256  .C.C.C.....C.C.. 13 14 15 16 1  2  3  4  5  6  7  8  9  10 11 12
Cyl 01 Hd 0 256  .C.C.CCC...C...C 9  10 11 12 13 14 15 16 1  2  3  4  5  6  7  8 
Cyl 01 Hd 1 256  ............CCCC 5  6  7  8  9  10 11 12 13 14 15 16 1  2  3  4 
Cyl 02 Hd 0 256  ................ 1  2  3  4  5  6  7  8  9  10 11 12 13 14 15 16
Cyl 02 Hd 1 256  C............... 13 14 15 16 1  2  3  4  5  6  7  8  9  10 11 12
Cyl 03 Hd 0 256  ................ 9  10 11 12 13 14 15 16 1  2  3  4  5  6  7  8 
Cyl 03 Hd 1 256  ................ 5  6  7  8  9  10 11 12 13 14 15 16 1  2  3  4 
Cyl 04 Hd 0 256  ................ 1  2  3  4  5  6  7  8  9  10 11 12 13 14 15 16
Cyl 04 Hd 1 256  ................ 13 14 15 16 1  2  3  4  5  6  7  8  9  10 11 12
Cyl 05 Hd 0 256  ................ 9  10 11 12 13 14 15 16 1  2  3  4  5  6  7  8 
Cyl 05 Hd 1 256  ................ 5  6  7  8  9  10 11 12 13 14 15 16 1  2  3  4 
Cyl 06 Hd 0 256  ................ 1  2  3  4  5  6  7  8  9  10 11 12 13 14 15 16
Cyl 06 Hd 1 256  ................ 13 14 15 16 1  2  3  4  5  6  7  8  9  10 11 12
Cyl 07 Hd 0 256  ................ 9  10 11 12 13 14 15 16 1  2  3  4  5  6  7  8 
Cyl 07 Hd 1 256  ................ 5  6  7  8  9  10 11 12 13 14 15 16 1  2  3  4 
Cyl 08 Hd 0 256  ................ 1  2  3  4  5  6  7  8  9  10 11 12 13 14 15 16
Cyl 08 Hd 1 256  ................ 13 14 15 16 1  2  3  4  5  6  7  8  9  10 11 12
Cyl 09 Hd 0 256  ................ 9  10 11 12 13 14 15 16 1  2  3  4  5  6  7  8 
Cyl 09 Hd 1 256  ................ 5  6  7  8  9  10 11 12 13 14 15 16 1  2  3  4 
Cyl 10 Hd 0 256  ................ 1  2  3  4  5  6  7  8  9  10 11 12 13 14 15 16
Cyl 10 Hd 1 256  ................ 13 14 15 16 1  2  3  4  5  6  7  8  9  10 11 12
Cyl 11 Hd 0 256  ................ 9  10 11 12 13 14 15 16 1  2  3  4  5  6  7  8 
Cyl 11 Hd 1 256  ................ 5  6  7  8  9  10 11 12 13 14 15 16 1  2  3  4 
Cyl 12 Hd 0 256  ................ 1  2  3  4  5  6  7  8  9  10 11 12 13 14 15 16
Cyl 12 Hd 1 256  ................ 13 14 15 16 1  2  3  4  5  6  7  8  9  10 11 12
Cyl 13 Hd 0 256  ................ 9  10 11 12 13 14 15 16 1  2  3  4  5  6  7  8 
Cyl 13 Hd 1 256  ................ 5  6  7  8  9  10 11 12 13 14 15 16 1  2  3  4 
Cyl 14 Hd 0 256  ................ 1  2  3  4  5  6  7  8  9  10 11 12 13 14 15 16
Cyl 14 Hd 1 256  ................ 13 14 15 16 1  2  3  4  5  6  7  8  9  10 11 12
Cyl 15 Hd 0 256  ................ 9  10 11 12 13 14 15 16 1  2  3  4  5  6  7  8 
Cyl 15 Hd 1 256  ................ 5  6  7  8  9  10 11 12 13 14 15 16 1  2  3  4 
Cyl 16 Hd 0 256  ................ 1  2  3  4  5  6  7  8  9  10 11 12 13 14 15 16
Cyl 16 Hd 1 256  ................ 13 14 15 16 1  2  3  4  5  6  7  8  9  10 11 12
Cyl 17 Hd 0 256  ................ 9  10 11 12 13 14 15 16 1  2  3  4  5  6  7  8 
Cyl 17 Hd 1 256  ................ 5  6  7  8  9  10 11 12 13 14 15 16 1  2  3  4 
Cyl 18 Hd 0 256  ................ 1  2  3  4  5  6  7  8  9  10 11 12 13 14 15 16
Cyl 18 Hd 1 256  .......C.......C 13 14 15 16 1  2  3  4  5  6  7  8  9  10 11 12
Cyl 19 Hd 0 256  ........C.C.C... 9  10 11 12 13 14 15 16 1  2  3  4  5  6  7  8 
Cyl 19 Hd 1 256  ................ 5  6  7  8  9  10 11 12 13 14 15 16 1  2  3  4 
Cyl 20 Hd 0 256  ................ 1  2  3  4  5  6  7  8  9  10 11 12 13 14 15 16
Cyl 20 Hd 1 256  ................ 13 14 15 16 1  2  3  4  5  6  7  8  9  10 11 12
Cyl 21 Hd 0 256  ................ 9  10 11 12 13 14 15 16 1  2  3  4  5  6  7  8 
Cyl 21 Hd 1 256  ................ 5  6  7  8  9  10 11 12 13 14 15 16 1  2  3  4 
Cyl 22 Hd 0 256  ................ 1  2  3  4  5  6  7  8  9  10 11 12 13 14 15 16
Cyl 22 Hd 1 256  ................ 13 14 15 16 1  2  3  4  5  6  7  8  9  10 11 12
Cyl 23 Hd 0 256  ................ 9  10 11 12 13 14 15 16 1  2  3  4  5  6  7  8 
Cyl 23 Hd 1 256  ................ 5  6  7  8  9  10 11 12 13 14 15 16 1  2  3  4 
Cyl 24 Hd 0 256  ................ 1  2  3  4  5  6  7  8  9  10 11 12 13 14 15 16
Cyl 24 Hd 1 256  ................ 13 14 15 16 1  2  3  4  5  6  7  8  9  10 11 12
Cyl 25 Hd 0 256  ................ 9  10 11 12 13 14 15 16 1  2  3  4  5  6  7  8 
Cyl 25 Hd 1 256  ......CC...C.... 5  6  7  8  9  10 11 12 13 14 15 16 1  2  3  4 
Cyl 26 Hd 0 256  ................ 1  2  3  4  5  6  7  8  9  10 11 12 13 14 15 16
Cyl 26 Hd 1 256  ................ 13 14 15 16 1  2  3  4  5  6  7  8  9  10 11 12
Cyl 27 Hd 0 256  ................ 9  10 11 12 13 14 15 16 1  2  3  4  5  6  7  8 
Cyl 27 Hd 1 256  ................ 5  6  7  8  9  10 11 12 13 14 15 16 1  2  3  4 
Cyl 28 Hd 0 256  ................ 1  2  3  4  5  6  7  8  9  10 11 12 13 14 15 16
Cyl 28 Hd 1 256  ................ 13 14 15 16 1  2  3  4  5  6  7  8  9  10 11 12
Cyl 29 Hd 0 256  ................ 9  10 11 12 13 14 15 16 1  2  3  4  5  6  7  8 
Cyl 29 Hd 1 256  ................ 5  6  7  8  9  10 11 12 13 14 15 16 1  2  3  4 
Cyl 30 Hd 0 256  ................ 1  2  3  4  5  6  7  8  9  10 11 12 13 14 15 16
Cyl 30 Hd 1 256  ................ 13 14 15 16 1  2  3  4  5  6  7  8  9  10 11 12
Cyl 31 Hd 0 256  ................ 9  10 11 12 13 14 15 16 1  2  3  4  5  6  7  8 
Cyl 31 Hd 1 256  ................ 5  6  7  8  9  10 11 12 13 14 15 16 1  2  3  4 
Cyl 32 Hd 0 256  ................ 1  2  3  4  5  6  7  8  9  10 11 12 13 14 15 16
Cyl 32 Hd 1 256  ................ 13 14 15 16 1  2  3  4  5  6  7  8  9  10 11 12
Cyl 33 Hd 0 256  ................ 9  10 11 12 13 14 15 16 1  2  3  4  5  6  7  8 
Cyl 33 Hd 1 256  ................ 5  6  7  8  9  10 11 12 13 14 15 16 1  2  3  4 
Cyl 34 Hd 0 256  ................ 1  2  3  4  5  6  7  8  9  10 11 12 13 14 15 16
Cyl 34 Hd 1 256  ................ 13 14 15 16 1  2  3  4  5  6  7  8  9  10 11 12
Cyl 35 Hd 0 256  ................ 9  10 11 12 13 14 15 16 1  2  3  4  5  6  7  8 
Cyl 35 Hd 1 256  ................ 5  6  7  8  9  10 11 12 13 14 15 16 1  2  3  4 
Cyl 36 Hd 0 256  ................ 1  2  3  4  5  6  7  8  9  10 11 12 13 14 15 16
Cyl 36 Hd 1 256  ................ 13 14 15 16 1  2  3  4  5  6  7  8  9  10 11 12
Cyl 37 Hd 0 256  ................ 9  10 11 12 13 14 15 16 1  2  3  4  5  6  7  8 
Cyl 37 Hd 1 256  .......C.C.C.... 5  6  7  8  9  10 11 12 13 14 15 16 1  2  3  4 
Cyl 38 Hd 0 256  .C.C.C.......... 1  2  3  4  5  6  7  8  9  10 11 12 13 14 15 16
